-13.0562
-13.0454
-13.013
-12.9592
-12.8842
-12.7884
-12.6724
-12.537
-12.3832
-12.2124
-12.0265
-11.8281
-11.6206
-11.4087
-11.1986
-10.9984
-10.8179
-10.6678
-10.5575
-10.4924
-10.4714
-10.4714
-10.4761
-10.4888
-10.5082
-10.533
-10.5618
-10.5933
-10.6266
-10.6605
-10.6943
-10.7272
-10.7585
-10.7878
-10.8145
-10.8384
-10.8591
-10.8763
-10.8899
-10.8997
-10.9056
-10.9076
-10.9076
-10.9344
-11.011
-11.128
-11.2736
-11.4368
-11.6087
-11.7826
-11.9534
-12.1175
-12.2723
-12.4158
-12.5467
-12.6639
-12.7667
-12.8545
-12.9267
-12.9832
-13.0238
-13.0481
-13.0562
-13.0561
