   2.34645506529644     
   2.35061365263904     
   2.32585311048556     
   2.31272378565755     
   2.34596080718260     
   2.34896759772926     
   2.32940204543001     
   2.30918695723722     
   2.34549340743187     
   2.34733754907043     
   2.33294865749878     
   2.30566806841672     
   2.34505021893045     
   2.34573621351212     
   2.33648527695777     
   2.30217518642370     
   2.34463048186101     
   2.34417834669072     
   2.34000477907181     
   2.29871396323611     
   2.34423584718672     
   2.34267902157927     
   2.34350016060078     
   2.29529098325097     
   2.34387149996323     
   2.34125225271357     
   2.34696515448478     
   2.29191433066074     
   2.34354089051290     
   2.33991004957494     
   2.35039405504420     
   2.28859411981381     
   2.34324637998610     
   2.33866232298173     
   2.35378112117479     
   2.28534199314261     
   2.34298942003112     
   2.33751578734886     
   2.35711939906319     
   2.28216898413865     
   2.34277233422281     
   2.33647610134780     
   2.36039966068294     
   2.27908687225071     
   2.34259817074475     
   2.33554746400949     
   2.36361142304496     
   2.27610745592030     
   2.34247295051438     
   2.33473256528462     
   2.36674209581652     
   2.27324305445487     
   2.34240485337170     
   2.33403260447548     
   2.36977834919430     
   2.27050496797183     
   2.34240419076195     
   2.33345037765646     
   2.37270691155003     
   2.26790333178239     
   2.34248350780045     
   2.33299103094452     
   2.37551395662659     
   2.26544750564194     
   2.34265349963503     
   2.33266092013962     
   2.37818665245438     
   2.26314590895803     
   2.34292235730663     
   2.33246749697671     
   2.38071432800283     
   2.26100586742227     
   2.34329375973956     
   2.33241834885715     
   2.38308943348204     
   2.25903447642945     
   2.34376833492558     
   2.33251859516781     
   2.38530482504376     
   2.25723901688891     
   2.34434675252747     
   2.33276949873988     
   2.38735465272423     
   2.25562988064409     
   2.34503031335321     
   2.33316588505809     
   2.38923215164092     
   2.25422091576432     
   2.34582273905125     
   2.33369619544209     
   2.39093076486632     
   2.25302952689529     
   2.34672915823164     
   2.33434403522282     
   2.39244406157869     
   2.25207672207509     
   2.34775432085464     
   2.33509227058475     
   2.39376665341615     
   2.25138268821629     
   2.34889904368096     
   2.33592776318488     
   2.39489583681052     
   2.25096455831436     
   2.35015989669694     
   2.33684269540279     
   2.39583081530301     
   2.25083376398963     
   2.35152954414012     
   2.33783547984316     
   2.39657118127581     
   2.25099453992194     
   2.35299786917042     
   2.33890912669550     
   2.39711604257775     
   2.25144405573907     
   2.35455607657703     
   2.34006714005678     
   2.39746342809065     
   2.25217658311070     
   2.35619862689629     
   2.34130845566601     
   2.39760925076300     
   2.25318697121738     
   2.35792583162701     
   2.34262454056420     
   2.39754778972429     
   2.25447331753846     
   2.35974057784518     
   2.34399996597182     
   2.39727307921972     
   2.25603645666368     
   2.36164653534917     
   2.34541653544212     
   2.39677953277607     
   2.25787839356947     
   2.36364280517158     
   2.34685821129151     
   2.39606361086679     
   2.25999950739857     
   2.36572213731092     
   2.34831521738010     
   2.39512346556019     
   2.26239402337205     
   2.36786854790976     
   2.34978370473206     
   2.39396019469615     
   2.26505071194879     
   2.37006005674118     
   2.35126465860546     
   2.39257832275641     
   2.26795332047740     
   2.37227495201459     
   2.35276201440606     
   2.39098319425243     
   2.27108121296393     
   2.37449754713731     
   2.35427934247191     
   2.38917968068058     
   2.27441311962838     
   2.37672031138853     
   2.35581718593605     
   2.38717016186664     
   2.27793044438412     
   2.37894387573858     
   2.35737255630480     
   2.38495354564803     
   2.28161706683176     
   2.38117367588718     
   2.35893973405108     
   2.38252609093548     
   2.28545998339289     
   2.38341491690096     
   2.36051241343264     
   2.37988313503248     
   2.28944844562582     
   2.38566851727510     
   2.36208575971441     
   2.37702157095028     
   2.29357082820529     
   2.38792831466655     
   2.36365658873360     
   2.37394040249098     
   2.29781275453292     
   2.39018174220809     
   2.36522373938069     
   2.37064114653401     
   2.30215769580845     
   2.39241537613810     
   2.36678561859059     
   2.36712539507255     
   2.30658923503075     
   2.39461926612414     
   2.36833848374583     
   2.36339307739987     
   2.31108913203703     
   2.39678768863937     
   2.36987514113305     
   2.35944432387100     
   2.31564030491175     
   2.39891819759828     
   2.37138470234689     
   2.35528297576327     
   2.32022840045963     
   2.40101042067045     
   2.37285321540220     
   2.35091823158115     
   2.32484311593924     
   2.40306073564615     
   2.37426422571906     
   2.34636585547173     
   2.32947871575858     
   2.40506132592210     
   2.37560065028504     
   2.34164653319801     
   2.33413134671999     
   2.40699856645279     
   2.37684720645763     
   2.33678415382507     
   2.33879521112938     
   2.40885494809920     
   2.37799267119060     
   2.33180247250910     
   2.34346025288662     
   2.41061198071151     
   2.37903037945322     
   2.32672330466084     
   2.34810985422013     
   2.41225435861067     
   2.37995776155134     
   2.32156376164830     
   2.35272313527501     
   2.41377264477584     
   2.38077450529892     
   2.31633864989763     
   2.35727750196408     
   2.41516166212536     
   2.38148106583678     
   2.31106169672576     
   2.36175113360568     
   2.41641870759766     
   2.38207686717764     
   2.30574890965784     
   2.36612571582272     
   2.41754007840366     
   2.38255903969639     
   2.30041970415852     
   2.37038875764297     
   2.41851995774675     
   2.38292378868513     
   2.29509856395544     
   2.37453161895261     
   2.41935055084638     
   2.38316671135838     
   2.28981307665389     
   2.37854742965788     
   2.42002475464042     
   2.38328474447099     
   2.28459251897676     
   2.38242714176649     
   2.42053915308006     
   2.38327751236683     
   2.27946372291625     
   2.38615779711966     
   2.42089597923958     
   2.38314836954890     
   2.27444723219036     
   2.38972156935434     
   2.42110524310567     
   2.38290458868368     
   2.26955558429770     
   2.39309524031166     
   2.42118351461094     
   2.38255706053159     
   2.26479764589952     
   2.39625562422086     
   2.42115037431110     
   2.38211626056135     
   2.26018183505875     
   2.39918162158149     
   2.42102379828514     
   2.38159054107901     
   2.25572314980539     
   2.40185695745696     
   2.42081428527489     
   2.38098666338457     
   2.25144405555236     
   2.40426936975586     
   2.42052415679037     
   2.38030899581745     
   2.24737678055923     
   2.40640784472033     
   2.42014969510493     
   2.37956173724226     
   2.24355994302629     
   2.40825982269719     
   2.41968523945241     
   2.37875145509124     
   2.24003239256220     
   2.40981041377369     
   2.41912665797525     
   2.37788883780117     
   2.23682839177712     
   2.41104175331186     
   2.41847526639888     
   2.37698998245666     
   2.23397267272944     
   2.41193291743540     
   2.41773798593717     
   2.37607200660924     
   2.23148257856948     
   2.41246161030045     
   2.41692474162881     
   2.37514845300094     
   2.22937104040366     
   2.41260756727396     
   2.41604297129213     
   2.37422822541190     
   2.22765180392883     
   2.41235495503725     
   2.41509561031292     
   2.37331589100443     
   2.22634144560377     
   2.41169284627141     
   2.41408011926056     
   2.37241554496651     
   2.22545960000150     
   2.41061528789220     
   2.41299005942250     
   2.37153445542105     
   2.22502799418057     
   2.40911704865026     
   2.41181685730858     
   2.37068400317110     
   2.22506941978674     
   2.40719408233819     
   2.41055323016601     
   2.36987808898136     
   2.22560310086434     
   2.40484245236853     
   2.40919828806451     
   2.36913044882713     
   2.22663761699038     
   2.40206017153335     
   2.40776066056212     
   2.36845220962181     
   2.22817163963518     
   2.39884660879199     
   2.40625528892803     
   2.36785118858664     
   2.23019488097217     
   2.39520306442609     
   2.40470000142657     
   2.36733362301270     
   2.23269121318204     
   2.39113231353513     
   2.40311123473797     
   2.36690228269388     
   2.23564324892366     
   2.38663909020224     
   2.40150207044835     
   2.36656119864493     
   2.23903348685395     
   2.38172990815952     
   2.39988319132290     
   2.36631606096632     
   2.24284645440518     
   2.37641352930068     
   2.39826203064071     
   2.36617053067258     
   2.24706785336611     
   2.37070114049782     
   2.39664387762656     
   2.36612671643223     
   2.25168559903070     
   2.36460823334720     
   2.39503445276943     
   2.36618260848652     
   2.25668469464564     
   2.35815347109457     
   2.39344140618272     
   2.36633373205306     
   2.26204744463999     
   2.35136010226794     
   2.39187277517274     
   2.36656972377073     
   2.26775167727943     
   2.34425582449125     
   2.39033509013110     
   2.36687531028490     
   2.27377172428142     
   2.33687329914182     
   2.38883097683480     
   2.36723034784496     
   2.28008150927706     
   2.32925073842116     
   2.38735875285070     
   2.36761281628948     
   2.28665604624896     
   2.32142982152993     
   2.38591290030543     
   2.36800295419672     
   2.29347272506311     
   2.31345470943310     
   2.38448562310150     
   2.36838349325090     
   2.30051246869794     
   2.30537215548494     
   2.38306918720872     
   2.36873908119201     
   2.30775733604191     
   2.29723019312794     
   2.38165607630258     
   2.36905706664942     
   2.31518943463052     
   2.28907523176088     
   2.38023874433420     
   2.36932732842256     
   2.32279282029399     
   2.28095437740485     
   2.37881072070488     
   2.36954207024178     
   2.33055095997606     
   2.27291512531468     
   2.37736570050365     
   2.36969668436982     
   2.33844472363966     
   2.26500402511569     
   2.37589867596456     
   2.36978729766375     
   2.34645389946597     
   2.25726827067551     
   2.37440408991879     
   2.36981076512691     
   2.35455584233359     
   2.24975504136606     
   2.37287829413889     
   2.36976359544863     
   2.36272386889390     
   2.24251300096377     
   2.37132255651924     
   2.36963592348211     
   2.37092978369986     
   2.23559283046825     
   2.36974198599652     
   2.36941012155869     
   2.37914469189981     
   2.22904788886187     
   2.36814505568574     
   2.36906339225834     
   2.38733957396780     
   2.22292913361645     
   2.36654154035773     
   2.36857382911863     
   2.39548719993727     
   2.21728180597418     
   2.36493955361665     
   2.36792900700513     
   2.40356513655192     
   2.21214235312292     
   2.36334544939540     
   2.36712718342374     
   2.41154954176639     
   2.20753845496278     
   2.36176248194769     
   2.36617321883101     
   2.41941553879356     
   2.20348911646187     
   2.36019265469461     
   2.36507806344207     
   2.42713660444501     
   2.20000607122600     
   2.35863698188672     
   2.36385570724075     
   2.43468363890018     
   2.19709645895721     
   2.35709575520162     
   2.36251943565391     
   2.44203076973210     
   2.19476455998150     
   2.35556819258750     
   2.36108271179817     
   2.44915517836399     
   2.19301237540485     
   2.35405196549529     
   2.35955796027960     
   2.45603876343296     
   2.19183605595539     
   2.35254300244085     
   2.35795662216382     
   2.46266955483766     
   2.19122425642518     
   2.35103445221636     
   2.35629041711525     
   2.46903875633845     
   2.19115502806532     
   2.34951607881491     
   2.35457374587109     
   2.47513982486922     
   2.19159976505989     
   2.34797482841224     
   2.35282343657278     
   2.48096759812999     
   2.19252666436582     
   2.34639658360356     
   2.35105844176916     
   2.48651808096979     
   2.19390163458338     
   2.34476932198761     
   2.34929894244411     
   2.49178758996684     
   2.19569045318405     
   2.34308533691803     
   2.34756682075356     
   2.49677198702074     
   2.19786090191386     
   2.34134234259421     
   2.34588131854015     
   2.50146732435472     
   2.20038285799696     
   2.33954254741325     
   2.34425732968906     
   2.50586726004929     
   2.20322864051312     
   2.33769353262306     
   2.34270332286681     
   2.50996023538935     
   2.20636862442753     
   2.33580607046321     
   2.34122118143254     
   2.51373208709331     
   2.20976927381288     
   2.33388926271071     
   2.33980745632231     
   2.51717016759652     
   2.21339627160011     
   2.33194964744468     
   2.33845358887624     
   2.52026471891211     
   2.21721767262229     
   2.32999146373055     
   2.33714971282871     
   2.52300887734349     
   2.22120465302546     
   2.32801724714460     
   2.33589012288675     
   2.52539964492825     
   2.22532962558108     
   2.32602975085694     
   2.33467334515174     
   2.52743580868334     
   2.22956565566832     
   2.32403427122823     
   2.33350460149774     
   2.52911492386101     
   2.23388446426856     
   2.32204016874322     
   2.33239218239731     
   2.53043371111097     
   2.23825917169100     
   2.32006135814697     
   2.33134429887525     
   2.53138510215621     
   2.24266029367135     
   2.31811502605796     
   2.33036538982626     
   2.53195948382505     
   2.24705478293395     
   2.31621877391312     
   2.32945543131251     
   2.53214658007916     
   2.25140635680470     
   2.31438747362873     
   2.32860908795218     
   2.53193923398110     
   2.25568219651279     
   2.31263159817507     
   2.32781730425609     
   2.53133656562397     
   2.25985708838846     
   2.31095723266488     
   2.32707164066909     
   2.53034366315033     
   2.26391093317854     
   2.30936686297305     
   2.32636928694357     
   2.52897027509608     
   2.26782622961746     
   2.30786233963628     
   2.32571405867753     
   2.52722660265484     
   2.27158716898660     
   2.30644795929460     
   2.32511739917277     
   2.52512081181105     
   2.27517836205620     
   2.30513172616198     
   2.32459457255639     
   2.52265689146284     
   2.27858489103213     
   2.30392464791786     
   2.32416147979894     
   2.51983611197641     
   2.28178929546736     
   2.30283871247360     
   2.32382948765384     
   2.51665850317639     
   2.28477056375616     
   2.30188436951737     
   2.32360392965004     
   2.51312626390557     
   2.28750759351955     
   2.30106877411962     
   2.32348357470414     
   2.50924564999158     
   2.28998565834833     
   2.30039474482754     
   2.32346378506154     
   2.50502732842356     
   2.29219564354225     
   2.29986136952037     
   2.32353854815582     
   2.50048528464466     
   2.29413335952658     
   2.29946746930319     
   2.32370354128003     
   2.49563465252937     
   2.29579938366197     
   2.29921283518950     
   2.32395749106871     
   2.49048670421273     
   2.29719659406100     
   2.29909918291316     
   2.32430264824096     
   2.48504997823682     
   2.29832797793147     
   2.29913243438460     
   2.32474239900061     
   2.47932767748451     
   2.29919401976063     
   2.29932093148933     
   2.32527976481994     
   2.47332051080061     
   2.29979147893826     
   2.29967380284833     
   2.32591648237849     
   2.46702797077879     
   2.30011657533003     
   2.30019542747633     
   2.32665335331432     
   2.46045426354996     
   2.30016633805959     
   2.30088594301992     
   2.32749130525192     
   2.45360907784276     
   2.29994104850302     
   2.30173925945376     
   2.32843210864763     
   2.44650937094667     
   2.29944403812484     
   2.30274509138966     
   2.32947819101612     
   2.43917751860304     
   2.29868068412821     
   2.30389083972177     
   2.33063163919219     
   2.43163809188063     
   2.29766031465297     
   2.30516590577513     
   2.33189622343748     
   2.42391319011504     
   2.29639433224585     
   2.30656274896583     
   2.33327798180874     
   2.41602292430023     
   2.29489402031982     
   2.30807831647045     
   2.33478530192114     
   2.40798340365179     
   2.29316837083894     
   2.30971252568355     
   2.33642688570915     
   2.39980779456876     
   2.29122655321105     
   2.31146653491757     
   2.33821183238132     
   2.39150777665281     
   2.28907921371519     
   2.31334163678940     
   2.34014674612201     
   2.38309604235458     
   2.28674029779068     
   2.31533631599651     
   2.34223266456843     
   2.37458820515669     
   2.28422773520943     
   2.31744523651119     
   2.34446147968644     
   2.36600559375080     
   2.28156411022487     
   2.31966158814769     
   2.34681676098389     
   2.35737337635202     
   2.27877666631534     
   2.32197864949574     
   2.34927453076822     
   2.34871753094229     
   2.27589797339254     
   2.32439288096537     
   2.35180841871582     
   2.34006365610167     
   2.27296265026890     
   2.32690485511752     
   2.35439160053458     
   2.33143483733748     
   2.27000487033385     
   2.32951801527613     
   2.35699909549673     
   2.32285155220836     
   2.26705701220274     
   2.33223688628047     
   2.35960926615950     
   2.31433361016825     
   2.26414923917380     
   2.33506242156642     
   2.36220479329659     
   2.30590246600967     
   2.26131065997608     
   2.33798909013642     
   2.36477033156274     
   2.29758446991064     
   2.25856910278060     
   2.34100271011873     
   2.36729187394378     
   2.28941184014368     
   2.25595111505514     
   2.34408163894289     
   2.36975446203207     
   2.28142230383555     
   2.25348361497603     
   2.34719954908531     
   2.37214151843069     
   2.27365761498089     
   2.25119394184918     
   2.35032982273396     
   2.37443535101711     
   2.26615971639652     
   2.24910895394100     
   2.35344971503784     
   2.37661698004423     
   2.25897000107583     
   2.24725434719097     
   2.35654320546079     
   2.37866712358568     
   2.25212536637779     
   2.24565405416575     
   2.35959998705260     
   2.38056833322138     
   2.24565783115913     
   2.24433055632249     
   2.36261338901659     
   2.38230830196493     
   2.23959547603799     
   2.24330244353533     
   2.36557664541127     
   2.38388107103138     
   2.23396595036657     
   2.24258183491410     
   2.36848036582581     
   2.38528621125238     
   2.22879809986907     
   2.24217364387435     
   2.37131114244723     
   2.38652635566802     
   2.22412253311686     
   2.24207822010715     
   2.37405337453916     
   2.38760448109719     
   2.21997011595223     
   2.24229360123787     
   2.37669151679721     
   2.38852153634987     
   2.21636949370082     
   2.24281830047308     
   2.37921140576747     
   2.38927461328006     
   2.21334505475493     
   2.24365243525889     
   2.38160326904921     
   2.38985457620408     
   2.21091572355229     
   2.24479862768658     
   2.38386317988955     
   2.39025073887815     
   2.20909352354723     
   2.24626181271074     
   2.38599430370758     
   2.39045479006708     
   2.20788272003200     
   2.24804566124123     
   2.38800475235663     
   2.39046441941701     
   2.20728069901724     
   2.25014718522004     
   2.38990415736156     
   2.39028407261250     
   2.20728051255171     
   2.25255421666589     
   2.39169998351891     
   2.38992349140863     
   2.20787257462582     
   2.25524459638605     
   2.39339503476563     
   2.38939569764203     
   2.20904657766471     
   2.25819197124319     
   2.39498819234564     
   2.38871432509710     
   2.21079036353049     
   2.26137037647651     
   2.39647414680561     
   2.38788920279223     
   2.21309107940475     
   2.26475823337802     
   2.39784653059096     
   2.38692418390668     
   2.21593376638432     
   2.26834082096616     
   2.39910020370744     
   2.38581733595386     
   2.21930084919459     
   2.27211060359570     
   2.40023445973468     
   2.38456359865507     
   2.22317084561637     
   2.27606532842546     
   2.40125453798104     
   2.38315945479693     
   2.22751515316164     
   2.28020075740841     
   2.40216959954826     
   2.38160571977107     
   2.23229905687767     
   2.28450511142405     
   2.40298981908368     
   2.37990892293244     
   2.23748606517272     
   2.28895742663435     
   2.40372439141010     
   2.37808002073253     
   2.24303963459204     
   2.29353147895898     
   2.40437919563390     
   2.37613244271154     
   2.24892458463160     
   2.29820077125876     
   2.40495683161932     
   2.37407784483864     
   2.25510801575145     
   2.30294463082819     
   2.40545759313557     
   2.37192239647741     
   2.26155637460709     
   2.30774991939529     
   2.40588172224238     
   2.36966529597678     
   2.26823566202708     
   2.31261188931726     
   2.40623131500438     
   2.36730202327548     
   2.27511045860557     
   2.31753110472111     
   2.40651246610902     
   2.36482807450437     
   2.28214326638191     
   2.32250642657631     
   2.40673523097133     
   2.36224321336122     
   2.28929669131625     
   2.32752697626097     
   2.40691152226972     
   2.35955395849081     
   2.29653277188064     
   2.33257059355064     
   2.40705113850569     
   2.35677354135307     
   2.30381500443629     
   2.33760582655460     
   2.40715926500057     
   2.35391934568667     
   2.31111212344935     
   2.34259757817671     
   2.40723649427694     
   2.35100958555074     
   2.31839535469266     
   2.34751553406842     
   2.40727886376072     
   2.34805917454269     
   2.32563828987905     
   2.35233640887171     
   2.40727852397480     
   2.34507815654911     
   2.33281559520160     
   2.35704484220192     
   2.40722529662414     
   2.34207207566063     
   2.33990360764210     
   2.36163256275994     
   2.40710913110827     
   2.33904533766790     
   2.34687869102146     
   2.36609492900648     
   2.40692278427380     
   2.33600341232950     
   2.35371866851685     
   2.37042478316354     
   2.40666182834430     
   2.33295743611490     
   2.36040246828506     
   2.37460578004645     
   2.40632355817250     
   2.32992412217917     
   2.36691191198387     
   2.37861243117364     
   2.40590520689643     
   2.32692497016161     
   2.37323189713173     
   2.38241380472915     
   2.40540183665907     
   2.32398076218435     
   2.37935062785675     
   2.38598095752378     
   2.40480620899272     
   2.32110731974511     
   2.38525757302949     
   2.38929448305789     
   2.40411096597318     
   2.31831288306204     
   2.39094289776397     
   2.39234826616226     
   2.40330905913469     
   2.31559649434553     
   2.39639586971053     
   2.39514985238378     
   2.40239582668445     
   2.31295003294608     
   2.40160420515533     
   2.39771790102354     
   2.40137069915888     
   2.31036515873002     
   2.40655478310350     
   2.40007518696942     
   2.40023769775539     
   2.30783752701856     
   2.41123489326483     
   2.40223733851510     
   2.39900337779508     
   2.30537077407812     
   2.41563269312286     
   2.40420671621554     
   2.39767377875190     
   2.30297647408659     
   2.41973946349490     
   2.40597167962472     
   2.39625127794921     
   2.30067221359587     
   2.42355046704587     
   2.40751337307736     
   2.39473341330148     
   2.29847602652343     
   2.42706468833724     
   2.40881471578575     
   2.39311385149265     
   2.29640225774904     
   2.43028462439796     
   2.40986757244622     
   2.39138412142193     
   2.29445902751434     
   2.43321441970169     
   2.41067256662514     
   2.38953484865115     
   2.29264700679616     
   2.43585903414357     
   2.41123876329204     
   2.38755758172079     
   2.29096364045120     
   2.43822123819361     
   2.41158200903349     
   2.38544719688342     
   2.28940669990751     
   2.44030170057179     
   2.41171963577493     
   2.38320212501410     
   2.28797855315344     
   2.44209870212904     
   2.41166196163277     
   2.38082416134427     
   2.28668696208626     
   2.44360907608844     
   2.41141019885904     
   2.37831605978035     
   2.28554253675127     
   2.44483007704372     
   2.41095791297704     
   2.37568142265180     
   2.28455556135968     
   2.44576060123520     
   2.41030028357332     
   2.37292390992490     
   2.28373121018391     
   2.44640222725975     
   2.40944122318471     
   2.37004687019728     
   2.28306720553612     
   2.44675867181109     
   2.40839641277992     
   2.36705330907951     
   2.28255307961830     
   2.44683512332068     
   2.40719023463222     
   2.36394714549534     
   2.28217322258015     
   2.44663717847150     
   2.40585402385168     
   2.36073507951178     
   2.28191311373569     
   2.44616771283862     
   2.40441989345044     
   2.35742656741155     
   2.28176219804155     
   2.44542659055835     
   2.40291217615980     
   2.35403506030680     
   2.28172000697280     
   2.44440995452641     
   2.40133958143518     
   2.35057530265048     
   2.28179181882807     
   2.44311153890146     
   2.39969577786173     
   2.34706303783170     
   2.28198658472145     
   2.44152388394006     
   2.39796614107169     
   2.34351346051196     
   2.28231383514354     
   2.43964079116363     
   2.39613739027110     
   2.33994089816088     
   2.28277917704655     
   2.43745759086238     
   2.39420357410239     
   2.33635952226874     
   2.28338362166976     
   2.43497238775119     
   2.39216606275416     
   2.33278233776972     
   2.28412635297582     
   2.43218606359848     
   2.39003144387123     
   2.32922219499227     
   2.28500490290814     
   2.42910124296140     
   2.38781152538562     
   2.32569208877922     
   2.28601922033307     
   2.42572092055608     
   2.38552105313259     
   2.32220462164702     
   2.28717213365555     
   2.42204680446266     
   2.38317139542825     
   2.31877394053962     
   2.28846859348563     
   2.41807929771773     
   2.38076342930010     
   2.31541568494836     
   2.28991679304326     
   2.41381621097642     
   2.37828517917661     
   2.31214661487105     
   2.29152504223742     
   2.40925410879031     
   2.37571575224298     
   2.30898422991214     
   2.29329881084974     
   2.40439202788799     
   2.37303598967543     
   2.30594593110990     
   2.29523845452577     
   2.39923280634353     
   2.37023639175109     
   2.30304809436442     
   2.29733821015844     
   2.39378484441738     
   2.36732077628592     
   2.30030528200904     
   2.29958615859136     
   2.38806220454674     
   2.36430761421361     
   2.29772948871750     
   2.30196528550288     
   2.38208236324597     
   2.36122864548948     
   2.29533118711427     
   2.30445597209345     
   2.37586508733836     
   2.35812133542029     
   2.29312225376516     
   2.30703949497946     
   2.36942831037305     
   2.35501794553409     
   2.29111691464466     
   2.30970211745996     
   2.36278751446005     
   2.35193575699886     
   2.28933244365958     
   2.31243656837718     
   2.35595549875775     
   2.34887635820546     
   2.28779032201121     
   2.31523893893669     
   2.34894216558743     
   2.34583243576703     
   2.28651408297231     
   2.31810709269517     
   2.34175885772452     
   2.34279586103461     
   2.28552443191794     
   2.32103911592068     
   2.33441962285948     
   2.33976332557833     
   2.28483718828269     
   2.32403087752855     
   2.32694570630363     
   2.33673973636273     
   2.28446051999097     
   2.32707418420499     
   2.31936601126797     
   2.33373990927234     
   2.28439485941042     
   2.33015535189110     
   2.31171463578778     
   2.33078831608979     
   2.28463361933704     
   2.33325474590978     
   2.30402775729136     
   2.32791461959254     
   2.28516573326876     
   2.33635084442780     
   2.29634449642143     
   2.32514724835987     
   2.28597827323618     
   2.33942411380591     
   2.28870452043140     
   2.32250804955035     
   2.28705839551261     
   2.34246085207350     
   2.28114459151833     
   2.32000815753684     
   2.28839215818487     
   2.34545240269455     
   2.27370077236431     
   2.31765103732075     
   2.28996423117933     
   2.34839386187901     
   2.26641098697825     
   2.31543712164241     
   2.29175637491060     
   2.35128097119773     
   2.25931749451116     
   2.31336821619899     
   2.29374789878278     
   2.35410673345246     
   2.25246593125648     
   2.31145075291190     
   2.29591639097917     
   2.35686063925789     
   2.24590511860666     
   2.30969705873747     
   2.29823858391453     
   2.35952853858606     
   2.23968559355367     
   2.30812370112761     
   2.30069187765393     
   2.36209520342988     
   2.23385523132386     
   2.30674715546073     
   2.30325546276818     
   2.36454771936004     
   2.22845769510076     
   2.30557807199595     
   2.30591183397103     
   2.36687775524719     
   2.22352829701756     
   2.30461801107427     
   2.30864793717616     
   2.36908200014176     
   2.21909644026907     
   2.30385818694998     
   2.31145404994092     
   2.37116036316610     
   2.21518561000692     
   2.30328539857775     
   2.31432239173098     
   2.37311325280203     
   2.21181450203644     
   2.30288796336954     
   2.31724467944922     
   2.37493917974932     
   2.20900122625733     
   2.30265930606722     
   2.32021129561947     
   2.37663276655554     
   2.20676481325104     
   2.30259858433430     
   2.32321047789750     
   2.37818507823193     
   2.20512348645040     
   2.30270990164875     
   2.32622839232311     
   2.37958561960708     
   2.20409230925516     
   2.30300002146181     
   2.32925165251521     
   2.38082515552784     
   2.20368137625503     
   2.30347099700122     
   2.33226919167907     
   2.38189674437540     
   2.20389384237874     
   2.30411979283477     
   2.33527163878839     
   2.38279700642513     
   2.20472655312397     
   2.30493735886880     
   2.33825186858460     
   2.38352563979988     
   2.20616989760830     
   2.30591041451843     
   2.34120385204475     
   2.38408429877354     
   2.20821051412333     
   2.30702531787795     
   2.34412285253972     
   2.38447367832922     
   2.21083331943908     
   2.30827165676820     
   2.34700272680974     
   2.38469269932897     
   2.21402317740525     
   2.30964416969358     
   2.34983576027731     
   2.38473790022418     
   2.21776500522388     
   2.31114229872595     
   2.35261414426987     
   2.38460517283556     
   2.22204052587483     
   2.31276824252295     
   2.35533045263588     
   2.38429293419756     
   2.22682826480794     
   2.31452282197170     
   2.35797963556892     
   2.38380388582387     
   2.23210143057523     
   2.31639997525715     
   2.36055911534223     
   2.38314414470193     
   2.23782835245111     
   2.31838573944859     
   2.36306908483594     
   2.38232282415652     
   2.24397351522703     
   2.32046113057298     
   2.36551239460031     
   2.38134923356963     
   2.25049837439801     
   2.32260563752293     
   2.36789123784859     
   2.38023058157820     
   2.25736165671077     
   2.32480352189475     
   2.37020669627744     
   2.37896960513612     
   2.26452261808111     
   2.32704483543575     
   2.37245710683746     
   2.37756514120173     
   2.27193945679553     
   2.32932686393441     
   2.37463976538223     
   2.37601296240284     
   2.27956978791412     
   2.33165313163548     
   2.37675491464223     
   2.37430885905646     
   2.28737008293139     
   2.33402914092709     
   2.37880789368219     
   2.37244934638648     
   2.29529475338458     
   2.33645859245040     
   2.38080923105834     
   2.37043471415006     
   2.30329591314730     
   2.33894060544051     
   2.38277235815526     
   2.36826871482956     
   2.31132459328315     
   2.34146933121161     
   2.38470955443592     
   2.36595833467347     
   2.31933418834871     
   2.34403501524499     
   2.38662729241749     
   2.36351150036719     
   2.32728278329225     
   2.34662717613882     
   2.38852157746549     
   2.36093372026163     
   2.33513665812350     
   2.34923806077801     
   2.39037777093399     
   2.35822814261233     
   2.34286970729263     
   2.35186367026448     
   2.39217370661909     
   2.35539642803985     
   2.35046332069698     
   2.35450260197081     
   2.39388359955913     
   2.35244172967027     
   2.35790342549350     
   2.35715201724651     
   2.39548571200981     
   2.34937179414522     
   2.36517691914231     
   2.35980424042732     
   2.39696615003968     
   2.34619961944688     
   2.37227066647147     
   2.36244579015145     
   2.39831793862468     
   2.34294263417501     
   2.37916864421495     
   2.36505929190163     
   2.39953963655801     
   2.33962068156436     
   2.38585275085424     
   2.36762655336419     
   2.40063159546370     
   2.33625399228646     
   2.39230436877172     
   2.37013082075954     
   2.40159258596366     
   2.33285955309697     
   2.39850766678118     
   2.37255898496606     
   2.40241647121762     
   2.32945231709093     
   2.40444914021108     
   2.37489938550502     
   2.40309346602286     
   2.32604408431627     
   2.41011768953612     
   2.37714172670982     
   2.40361258712231     
   2.32264669916338     
   2.41550377158518     
   2.37927539868943     
   2.40396660863271     
   2.31927394883645     
   2.42059809511658     
   2.38128817186849     
   2.40415517107840     
   2.31594225131158     
   2.42538853047779     
   2.38316563287344     
   2.40418267655025     
   2.31267026392393     
   2.42986159924094     
   2.38489121482294     
   2.40405767526177     
   2.30947722863356     
   2.43400360798129     
   2.38644891708077     
   2.40378903683948     
   2.30638136242719     
   2.43780157623066     
   2.38782582240716     
   2.40338306939251     
   2.30339684836389     
   2.44124713112561     
   2.38901461521754     
   2.40284063461640     
   2.30053371919799     
   2.44433776748560     
   2.39001312138848     
   2.40215520463458     
   2.29779704748567     
   2.44707648178443     
   2.39082384620364     
   2.40131491595025     
   2.29518731842429     
   2.44947021895350     
   2.39145367813055     
   2.40030764827874     
   2.29270499136565     
   2.45152576317092     
   2.39190989292760     
   2.39912632818540     
   2.29035221468663     
   2.45324719311977     
   2.39219664707504     
   2.39777048003151     
   2.28813636830414     
   2.45463520000878     
   2.39231123596927     
   2.39624611723563     
   2.28607006278745     
   2.45568738751031     
   2.39224385561256     
   2.39456247359270     
   2.28416933147223     
   2.45640022415703     
   2.39198113261574     
   2.39273073245292     
   2.28244889759264     
   2.45677081904208     
   2.39151137948834     
   2.39076171730766     
   2.28091842359493     
   2.45679887545515     
   2.39082832944195     
   2.38866276356027     
   2.27958114434300     
   2.45648790016616     
   2.38993190578547     
   2.38643482419214     
   2.27843358291076     
   2.45584613744813     
   2.38882800163270     
   2.38407524208493     
   2.27746809367638     
   2.45488439206954     
   2.38752854569652     
   2.38158144903115     
   2.27667563642437     
   2.45361382218525     
   2.38604847963702     
   2.37895603988519     
   2.27604933898700     
   2.45204301498397     
   2.38440175360690     
   2.37620878747920     
   2.27558734771771     
   2.45017561793117     
   2.38259707009159     
   2.37335551019474     
   2.27529493604717     
   2.44801006033145     
   2.38063660726369     
   2.37041744980005     
   2.27518061127184     
   2.44554088471531     
   2.37851681082708     
   2.36741863592575     
   2.27525234869179     
   2.44276195021931     
   2.37623087275905     
   2.36438176540356     
   2.27551613156718     
   2.43966880529678     
   2.37377318072351     
   2.36132449865050     
   2.27597425438936     
   2.43626184792745     
   2.37114023494114     
   2.35825819763042     
   2.27662425049734     
   2.43254851536055     
   2.36833194122866     
   2.35518879382451     
   2.27746029021817     
   2.42854254399788     
   2.36535149392334     
   2.35211864422320     
   2.27847632036507     
   2.42426137304673     
   2.36220533258387     
   2.34905207922556     
   2.27966720608469     
   2.41972259005108     
   2.35890201731861     
   2.34599624307225     
   2.28103020650071     
   2.41494191115993     
   2.35545173053270     
   2.34296354083797     
   2.28256468553377     
   2.40993124193433     
   2.35186501232789     
   2.33997422252975     
   2.28426981700721     
   2.40469661768773     
   2.34815247779011     
   2.33705334575484     
   2.28614274285017     
   2.39924110084853     
   2.34432529723091     
   2.33422658207851     
   2.28817586073674     
   2.39356863522729     
   2.34039669965586     
   2.33151471530526     
   2.29035644422530     
   2.38768816821628     
   2.33638189463863     
   2.32892957010818     
   2.29266718880025     
   2.38161497912711     
   2.33229975202938     
   2.32647428123215     
   2.29508896840831     
   2.37537137124849     
   2.32817267783804     
   2.32414890711591     
   2.29760293292955     
   2.36898540933174     
   2.32402790025771     
   2.32195451834239     
   2.30019226092184     
   2.36248562747659     
   2.31989509569258     
   2.31989705453366     
   2.30284305446941     
   2.35589799777031     
   2.31580287409083     
   2.31798751111162     
   2.30554406378010     
   2.34924304239763     
   2.31177570679521     
   2.31624023593453     
   2.30828594557031     
   2.34253739672568     
   2.30783275341821     
   2.31467116654562     
   2.31106055452687     
   2.33579612248998     
   2.30398851453371     
   2.31329281507525     
   2.31385967438064     
   2.32903565703385     
   2.30025709877956     
   2.31211234352424     
   2.31667389178402     
   2.32227597545339     
   2.29665371383778     
   2.31113106381505     
   2.31949073877076     
   2.31554060411303     
   2.29319648711349     
   2.31034533015688     
   2.32229521684224     
   2.30885694722602     
   2.28990894605355     
   2.30974820612258     
   2.32507044791663     
   2.30225482060949     
   2.28681952393803     
   2.30933205920105     
   2.32779953893560     
   2.29576575122739     
   2.28395840653287     
   2.30908927654471     
   2.33046698282643     
   2.28941813267229     
   2.28135292638344     
   2.30901401235274     
   2.33306001457982     
   2.28323795374399     
   2.27902370171427     
   2.30910382920224     
   2.33557000156127     
   2.27724810423143     
   2.27698385627357     
   2.30935873710958     
   2.33798932605827     
   2.27147057011111     
   2.27524167661499     
   2.30978058687505     
   2.34030966763854     
   2.26592499638934     
   2.27380447481567     
   2.31037029781529     
   2.34252185620619     
   2.26063055652882     
   2.27268054618317     
   2.31112798746201     
   2.34461474945322     
   2.25560524382367     
   2.27187974354395     
   2.31205145935131     
   2.34657665412448     
   2.25086782516710     
   2.27141466487149     
   2.31313760033866     
   2.34839570928597     
   2.24643569756726     
   2.27129891464715     
   2.31438147783374     
   2.35006141286339     
   2.24232612872134     
   2.27154424101624     
   2.31577756319938     
   2.35156667597070     
   2.23855530668068     
   2.27215709771551     
   2.31731962004113     
   2.35290774324722     
   2.23513859890667     
   2.27313602055037     
   2.31900070109771     
   2.35408460230752     
   2.23209153491881     
   2.27447338658824     
   2.32081468028867     
   2.35509802584825     
   2.22942789475159     
   2.27615822217006     
   2.32275695731558     
   2.35594907404102     
   2.22715975282615     
   2.27817925983088     
   2.32482386212357     
   2.35663824044104     
   2.22529671269809     
   2.28052719507714     
   2.32700973936710     
   2.35716416022768     
   2.22384674739775     
   2.28319527138279     
   2.32930715944943     
   2.35752385572000     
   2.22281628398475     
   2.28617977593767     
   2.33170518576528     
   2.35771357686727     
   2.22221129266994     
   2.28947814881273     
   2.33419078691932     
   2.35772973800000     
   2.22203777423027     
   2.29308568318609     
   2.33674919021048     
   2.35757021820300     
   2.22230064935023     
   2.29699259438092     
   2.33936497833081     
   2.35723591643341     
   2.22300414615075     
   2.30118257462389     
   2.34202455148636     
   2.35673107088727     
   2.22415032854542     
   2.30563237097602     
   2.34471747633991     
   2.35606167108831     
   2.22573756559194     
   2.31031453571735     
   2.34743690963111     
   2.35523363532118     
   2.22775926223378     
   2.31520379973921     
   2.35017912263267     
   2.35425095198494     
   2.23020269609808     
   2.32028011641015     
   2.35294219605088     
   2.35311540284459     
   2.23305014817060     
   2.32552917151516     
   2.35572471021567     
   2.35182574128820     
   2.23628061589026     
   2.33094335123065     
   2.35852455064846     
   2.35038124114041     
   2.23987091565845     
   2.33651675098648     
   2.36133732134327     
   2.34878397570217     
   2.24379847415891     
   2.34224055284804     
   2.36415602182700     
   2.34703930176289     
   2.24804290131022     
   2.34809869047108     
   2.36697116954159     
   2.34515697772588     
   2.25258362956572     
   2.35406672757741     
   2.36977313255376     
   2.34314978933557     
   2.25740143252137     
   2.36011412113973     
   2.37255360721394     
   2.34103243891749     
   2.26247425392139     
   2.36620929175584     
   2.37530627169868     
   2.33881980383794     
   2.26777743243586     
   2.37232436274933     
   2.37802705566820     
   2.33652571846663     
   2.27328185867651     
   2.37843630980189     
   2.38071210762811     
   2.33416201656548     
   2.27895696521301     
   2.38452937361125     
   2.38335634537534     
   2.33173844961289     
   2.28477194543582     
   2.39059212941894     
   2.38595191066122     
   2.32926384325724     
   2.29069988568716     
   2.39661637825783     
   2.38848752590677     
   2.32674869526900     
   2.29671746852659     
   2.40258983319255     
   2.39094937950030     
   2.32420597579360     
   2.30280650187649     
   2.40849436048953     
   2.39332265573889     
   2.32165081315456     
   2.30895226816346     
   2.41430409372228     
   2.39559341713657     
   2.31909961010432     
   2.31514094655279     
   2.41998890723751     
   2.39775051419955     
   2.31656903859811     
   2.32135673027538     
   2.42551882895601     
   2.39978692332018     
   2.31407475130643     
   2.32757794289443     
   2.43086960259007     
   2.40170082367546     
   2.31162892096873     
   2.33377904916203     
   2.43602255096833     
   2.40349342162244     
   2.30924015966402     
   2.33993170994115     
   2.44096755486287     
   2.40516669560292     
   2.30691451417042     
   2.34600867970351     
   2.44570169051399     
   2.40672193790174     
   2.30465725822093     
   2.35198658768822     
   2.45022590133468     
   2.40815745073898     
   2.30247408337858     
   2.35784694723949     
   2.45454048615315     
   2.40946981291224     
   2.30037347735418     
   2.36357611632893     
   2.45864099938530     
   2.41065520539858     
   2.29836581619663     
   2.36916313902583     
   2.46251742543710     
   2.41170891462860     
   2.29646390742082     
   2.37459792806630     
   2.46615587571363     
   2.41262672425890     
   2.29468290341437     
   2.37986727247076     
   2.46954170685587     
   2.41340655675174     
   2.29303884006052     
   2.38495462012808     
   2.47266162509774     
   2.41404619643373     
   2.29154597284912     
   2.38984250524886     
   2.47550592936945     
   2.41454447130555     
   2.29021509603657     
   2.39451482498952     
   2.47806984647245     
   2.41489970559196     
   2.28905307173352     
   2.39895870780963     
   2.48035375281869     
   2.41510936784315     
   2.28806348886385     
   2.40316421890190     
   2.48236197600240     
   2.41517138207441     
   2.28724789639926     
   2.40712402380968     
   2.48409838405297     
   2.41508513635173     
   2.28660762149589     
   2.41083163854648     
   2.48556185965484     
   2.41484968643617     
   2.28614498869585     
   2.41428214917316     
   2.48674692834626     
   2.41446481421937     
   2.28586406173838     
   2.41747024435902     
   2.48764532114784     
   2.41392964214722     
   2.28576990199985     
   2.42038975624330     
   2.48824806243677     
   2.41324407421872     
   2.28586741687540     
   2.42303332466816     
   2.48854913892062     
   2.41240868981452     
   2.28615870145209     
   2.42539373320590     
   2.48854773637050     
   2.41142594672501     
   2.28664269080787     
   2.42746437106969     
   2.48824860342634     
   2.41029992203579     
   2.28731539950846     
   2.42924028547925     
   2.48765924354162     
   2.40903611807148     
   2.28817170901758     
   2.43071894276548     
   2.48678573791074     
   2.40764265729417     
   2.28920582391426     
   2.43189910994044     
   2.48562986224755     
   2.40613063456416     
   2.29041161467837     
   2.43277959032227     
   2.48418851732005     
   2.40451159457311     
   2.29178436500080     
   2.43335973073493     
   2.48245633740769     
   2.40279583279072     
   2.29331924632775     
   2.43363953298276     
   2.48042987692116     
   2.40098957662680     
   2.29501097857943     
   2.43362076473561     
   2.47810994685421     
   2.39909404722739     
   2.29685262825431     
   2.43330829024069     
   2.47550090178032     
   2.39710696402417     
   2.29883564885418     
   2.43271080947994     
   2.47261027095173     
   2.39502307573196     
   2.30095099969038     
   2.43184032583113     
   2.46944770462733     
   2.39283908447569     
   2.30318812455168     
   2.43071027425165     
   2.46602325631417     
   2.39055459933872     
   2.30553676915058     
   2.42933314842928     
   2.46234411898026     
   2.38817107911270     
   2.30798723850726     
   2.42771999465648     
   2.45841696275270     
   2.38569132583794     
   2.31053027354841     
   2.42588009960860     
   2.45424702708330     
   2.38312020975315     
   2.31315676227400     
   2.42382063680395     
   2.44984083080480     
   2.38046403524752     
   2.31585702610011     
   2.42154590877152     
   2.44520829173262     
   2.37772992127296     
   2.31861993787784     
   2.41905920754250     
   2.44036119328761     
   2.37492528835591     
   2.32143350957759     
   2.41636303649621     
   2.43531299924085     
   2.37205865461561     
   2.32428585625575     
   2.41346040547951     
   2.43007608430017     
   2.36913917774728     
   2.32716409210392     
   2.41035431556053     
   2.42466123450822     
   2.36617780521184     
   2.33005555703363     
   2.40704742157717     
   2.41907816618963     
   2.36318754991380     
   2.33294825928550     
   2.40354151369861     
   2.41333543703483     
   2.36018295167886     
   2.33583126884256     
   2.39983849434057     
   2.40744332954174     
   2.35717779530515     
   2.33869611583151     
   2.39593986109637     
   2.40141476875684     
   2.35418525407887     
   2.34153429405192     
   2.39184653786645     
   2.39526527747937     
   2.35121660085961     
   2.34433860216120     
   2.38756029647102     
   2.38901228437541     
   2.34828190088268     
   2.34710134379775     
   2.38308509737273     
   2.38267201279122     
   2.34538965360224     
   2.34981425548942     
   2.37842823464570     
   2.37625890730466     
   2.34254721244035     
   2.35246996971306     
   2.37360049270801     
   2.36978555865915     
   2.33976504708521     
   2.35506243514891     
   2.36861589061861     
   2.36326586970289     
   2.33705443432539     
   2.35758484580994     
   2.36349073858095     
   2.35671694785220     
   2.33442700217286     
   2.36003000690088     
   2.35824232494849     
   2.35015916312903     
   2.33189580385137     
   2.36239126677476     
   2.35288719045791     
   2.34361541234407     
   2.32947122401924     
   2.36466252801510     
   2.34744203910572     
   2.33710962066603     
   2.32716185425342     
   2.36683928101544     
   2.34192482981170     
   2.33066499331324     
   2.32497406387381     
   2.36891799224280     
   2.33635548580226     
   2.32430081231276     
   2.32291202677859     
   2.37089543335838     
   2.33075623935946     
   2.31803606195628     
   2.32097920038288     
   2.37276808405097     
   2.32515175422881     
   2.31189258381445     
   2.31917993863202     
   2.37453248997897     
   2.31956841877520     
   2.30589334031772     
   2.31752221411356     
   2.37618408702812     
   2.31403223882790     
   2.30006343801346     
   2.31601786335471     
   2.37771758752246     
   2.30856549995308     
   2.29442666455137     
   2.31468172160838     
   2.37912757813837     
   2.30318667238163     
   2.28900323494340     
   2.31352926422072     
   2.38041066123135     
   2.29791366866032     
   2.28381166707636     
   2.31257283383708     
   2.38156479478284     
   2.29276445997147     
   2.27887060385400     
   2.31181888951339     
   2.38259035476224     
   2.28776029321222     
   2.27419796068476     
   2.31126703854605     
   2.38348935798896     
   2.28292538151856     
   2.26980915271042     
   2.31091362188943     
   2.38426387217651     
   2.27828459347623     
   2.26571927534011     
   2.31075565091811     
   2.38491681749026     
   2.27386198724171     
   2.26194461012652     
   2.31079269804127     
   2.38544903548695     
   2.26967778419604     
   2.25850161055962     
   2.31102969242959     
   2.38585919100461     
   2.26574903311933     
   2.25540688122604     
   2.31147478243052     
   2.38614498763520     
   2.26208893866509     
   2.25267470201114     
   2.31213729990214     
   2.38630518075196     
   2.25870839477397     
   2.25031691831044     
   2.31302359663140     
   2.38633959104121     
   2.25561768645651     
   2.24834257193516     
   2.31413500410223     
   2.38624971160808     
   2.25282884261933     
   2.24675740247622     
   2.31546513557447     
   2.38603824917577     
   2.25035607693297     
   2.24556405166219     
   2.31700276190268     
   2.38570782955104     
   2.24821504033146     
   2.24476325719459     
   2.31873411605465     
   2.38526074669231     
   2.24642107600418     
   2.24435521408204     
   2.32064578251261     
   2.38469618538188     
   2.24498764078157     
   2.24434039367874     
   2.32272632942828     
   2.38401140827712     
   2.24392500150961     
   2.24471828795134     
   2.32496613767129     
   2.38320413140135     
   2.24323933170951     
   2.24548658432096     
   2.32735836544044     
   2.38227301665939     
   2.24293355276525     
   2.24664150030995     
   2.32989653200323     
   2.38121858614584     
   2.24300712945971     
   2.24817742076559     
   2.33257121624744     
   2.38004289509536     
   2.24345784396120     
   2.25008619615725     
   2.33537033022444     
   2.37874774672866     
   2.24428121551771     
   2.25235729037712     
   2.33827996634256     
   2.37733557626176     
   2.24547120843669     
   2.25497848497044     
   2.34128707096199     
   2.37580826479019     
   2.24701785339179     
   2.25793435944381     
   2.34438196869221     
   2.37416891265336     
   2.24890859271131     
   2.26120593792833     
   2.34755729429331     
   2.37241887801619     
   2.25112910966324     
   2.26477100719541     
   2.35080597605006     
   2.37055945898187     
   2.25366461183089     
   2.26860562247044     
   2.35411975239206     
   2.36859078243639     
   2.25650094265980     
   2.27268625537452     
   2.35748772231746     
   2.36651243206398     
   2.25962314766427     
   2.27699180827147     
   2.36089651342778     
   2.36432152170679     
   2.26301532571313     
   2.28150299956301     
   2.36433043746398     
   2.36201491037589     
   2.26666163059899     
   2.28620219852283     
   2.36777425558910     
   2.35958921620520     
   2.27054499331744     
   2.29107264376275     
   2.37121489452669     
   2.35704134140714     
   2.27464638889915     
   2.29609733691446     
   2.37464239193575     
   2.35437031369888     
   2.27894528138904     
   2.30125663559405     
   2.37804908098648     
   2.35157746751687     
   2.28342087010685     
   2.30652328811948     
   2.38142817610259     
   2.34866688661589     
   2.28805359688487     
   2.31186378084896     
   2.38477245862558     
   2.34564526095640     
   2.29282410948203     
   2.31724108516892     
   2.38807100311715     
   2.34252229266031     
   2.29771522797609     
   2.32261582584795     
   2.39130901395889     
   2.33930903077576     
   2.30271181331997     
   2.32794854494527     
   2.39446942570052     
   2.33601845315397     
   2.30779890239140     
   2.33320243405558     
   2.39753449919887     
   2.33266565142937     
   2.31296018127202     
   2.33834270013493     
   2.40049049161121     
   2.32926738026361     
   2.31817744907111     
   2.34333557431700     
   2.40332994638472     
   2.32584217278531     
   2.32342993759299     
   2.34814652337479     
   2.40605161824536     
   2.32240915583322     
   2.32869377638220     
   2.35273816509989     
   2.40865817522878     
   2.31898742791535     
   2.33394422875773     
   2.35707179754945     
   2.41115286609656     
   2.31559507848703     
   2.33915912007844     
   2.36110966966694     
   2.41353566757106     
   2.31224896691571     
   2.34431829946309     
   2.36481971194521     
   2.41580274459123     
   2.30896407536770     
   2.34940476757522     
   2.36817632273553     
   2.41794642696685     
   2.30575367507530     
   2.35440214557923     
   2.37115903452636     
   2.41995702412006     
   2.30263029389828     
   2.35929610168314     
   2.37375281894426     
   2.42182447322720     
   2.29960577781874     
   2.36407267005678     
   2.37594703316173     
   2.42354117031301     
   2.29669077996342     
   2.36871759815032     
   2.37773613475465     
   2.42510204083257     
   2.29389364962925     
   2.37321768313567     
   2.37911805702315     
   2.42650379253570     
   2.29122085281984     
   2.37756219607364     
   2.38009479534692     
   2.42774419890273     
   2.28867520115073     
   2.38174111560621     
   2.38067359628643     
   2.42882010800809     
   2.28625729206507     
   2.38574659122956     
   2.38086738728808     
   2.42972644656027     
   2.28396712765115     
   2.38957294077837     
   2.38069382087261     
   2.43045543243087     
   2.28180358379271     
   2.39321680613047     
   2.38017494639201     
   2.43099803433131     
   2.27976734573564     
   2.39667669773483     
   2.37933366587928     
   2.43134599504370     
   2.27786170819688     
   2.39995103062591     
   2.37819250258146     
   2.43149311730214     
   2.27609252966458     
   2.40303635419859     
   2.37677240061837     
   2.43143799797688     
   2.27446781653800     
   2.40592632558327     
   2.37509220820153     
   2.43118238747052     
   2.27299677956226     
   2.40861196507189     
   2.37316742635235     
   2.43072917571735     
   2.27168883552149     
   2.41108483707225     
   2.37101070275545     
   2.43007965881312     
   2.27055258144938     
   2.41333819726625     
   2.36863477491891     
   2.42923248289605     
   2.26959484874624     
   2.41536713348696     
   2.36605453085156     
   2.42818480951871     
   2.26882028494389     
   2.41716884515585     
   2.36328792443454     
   2.42693310972269     
   2.26823166573034     
   2.41874163528227     
   2.36035500579871     
   2.42547468595327     
   2.26783086457648     
   2.42008232350249     
   2.35727872603155     
   2.42381049226278     
   2.26761878536791     
   2.42118596905846     
   2.35408350710602     
   2.42194578247433     
   2.26759733655914     
   2.42204548920633     
   2.35079163267333     
   2.41988933738113     
   2.26776853816675     
   2.42265403853153     
   2.34742065418420     
   2.41765103080040     
   2.26813639069969     
   2.42300485309865     
   2.34398074054634     
   2.41523947958469     
   2.26870397523436     
   2.42309455335770     
   2.34047755220698     
   2.41265884312720     
   2.26947260093893     
   2.42292285585180     
   2.33691744545261     
   2.40990968845188     
   2.27044000780044     
   2.42249305434745     
   2.33331069786737     
   2.40699071889031     
   2.27159893765270     
   2.42180975438986     
   2.32967618731496     
   2.40390110806608     
   2.27293550023349     
   2.42087823880814     
   2.32604106965722     
   2.40064257610146     
   2.27443149842196     
   2.41970380645676     
   2.32243824490688     
   2.39722133920418     
   2.27606719745312     
   2.41829126105552     
   2.31890388451971     
   2.39364785191761     
   2.27782419652496     
   2.41664553288112     
   2.31547196323059     
   2.38993369074336     
   2.27968853640168     
   2.41477348434000     
   2.31217014304595     
   2.38608996214434     
   2.28165096718515     
   2.41268444565989     
   2.30901785535642     
   2.38212416844883     
   2.28370498489863     
   2.41038938455409     
   2.30602823422094     
   2.37804106853497     
   2.28584528593252     
   2.40790085326853     
   2.30321224413163     
   2.37384565505661     
   2.28806548739009     
   2.40523061849400     
   2.30058021273884     
   2.36954481700092     
   2.29035651119866     
   2.40238842767825     
   2.29814255068836     
   2.36514912082125     
   2.29270678154537     
   2.39938190774536     
   2.29590907112098     
   2.36067307008526     
   2.29510336416475     
   2.39621762674305     
   2.29389065411253     
   2.35613396280918     
   2.29753529459702     
   2.39290229514806     
   2.29209849588846     
   2.35155153221882     
   2.29999442853956     
   2.38944390597248     
   2.29054091832384     
   2.34694657678991     
   2.30247572319989     
   2.38585108219192     
   2.28922114231137     
   2.34233944282182     
   2.30497671531924     
   2.38213243201506     
   2.28813843188010     
   2.33775018851154     
   2.30749529346476     
   2.37829771701194     
   2.28729060220213     
   2.33319740471600     
   2.31002829776906     
   2.37435555657690     
   2.28667669217966     
   2.32869896473059     
   2.31256951277270     
   2.37031398563186     
   2.28629774670091     
   2.32427039104181     
   2.31511079387609     
   2.36618294708732     
   2.28615526748178     
   2.31992716964882     
   2.31764130996504     
   2.36197415200120     
   2.28625228542924     
   2.31568445772614     
   2.32014992056616     
   2.35770161533178     
   2.28659325652238     
   2.31155865964744     
   2.32262686008835     
   2.35338148452062     
   2.28718214538412     
   2.30756513829202     
   2.32506599065544     
   2.34903260701113     
   2.28801852872580     
   2.30371809813504     
   2.32746637298282     
   2.34467414047862     
   2.28909553695129     
   2.30002952452688     
   2.32982939831368     
   2.34032647925457     
   2.29040131661621     
   2.29650895941813     
   2.33215743590406     
   2.33600925424295     
   2.29192144606181     
   2.29316342185995     
   2.33445121162997     
   2.33174120451498     
   2.29364185902602     
   2.28999909323239     
   2.33670830973703     
   2.32754155102699     
   2.29554995783704     
   2.28702409529384     
   2.33892330386641     
   2.32342909863601     
   2.29763567477256     
   2.28424883030730     
   2.34108723434686     
   2.31941969366439     
   2.29989272921331     
   2.28168711384073     
   2.34319114160848     
   2.31552685506329     
   2.30231690137088     
   2.27935557049439     
   2.34522727896705     
   2.31176125502116     
   2.30490316322025     
   2.27727229734137     
   2.34718974668951     
   2.30813187131313     
   2.30764350652217     
   2.27545379590859     
   2.34907528140358     
   2.30464636596558     
   2.31052604071001     
   2.27391234902149     
   2.35088151904653     
   2.30131473857363     
   2.31353675596168     
   2.27265504324461     
   2.35260544770981     
   2.29814880953914     
   2.31666159402124     
   2.27168439425920     
   2.35424142300569     
   2.29516253630124     
   2.31988882484220     
   2.27100142667020     
   2.35578012393342     
   2.29237097841842     
   2.32321018386934     
   2.27060709024252     
   2.35721078757456     
   2.28978945782827     
   2.32662223032968     
   2.27050386641875     
   2.35852127373748     
   2.28743074923625     
   2.33012478422062     
   2.27069562244180     
   2.35970210888995     
   2.28530437234994     
   2.33371888828529     
   2.27118633052919     
   2.36074880969379     
   2.28341668048014     
   2.33740128531399     
   2.27197898318033     
   2.36166289177202     
   2.28177231080167     
   2.34116029561735     
   2.27307524307330     
   2.36245237326402     
   2.28037497160879     
   2.34497532520673     
   2.27447277720422     
   2.36312907491771     
   2.27922803931233     
   2.34882138928875     
   2.27616553508316     
   2.36370328408504     
   2.27833687036512     
   2.35267406928496     
   2.27814350334648     
   2.36417766915284     
   2.27770829661406     
   2.35651413697527     
   2.28039511079067     
   2.36454669855738     
   2.27734792530581     
   2.36033198135444     
   2.28290980072649     
   2.36479969835103     
   2.27725838389504     
   2.36412679124972     
   2.28568050284561     
   2.36492424132295     
   2.27743688447005     
   2.36790379603489     
   2.28870296025564     
   2.36491089223490     
   2.27787334946322     
   2.37166802915339     
   2.29197539670630     
   2.36475631722068     
   2.27855101892008     
   2.37541843043893     
   2.29549755131924     
   2.36446076404140     
   2.27944911009413     
   2.37914567136587     
   2.29926855512379     
   2.36402849595006     
   2.28054502274601     
   2.38283330021279     
   2.30328466183170     
   2.36346540228947     
   2.28181661553143     
   2.38646236179985     
   2.30753881495608     
   2.36277529617984     
   2.28324445883502     
   2.39001578357848     
   2.31201939877309     
   2.36195696386176     
   2.28481138235720     
   2.39348373328973     
   2.31671130351066     
   2.36100413005624     
   2.28650275457577     
   2.39686617523255     
   2.32159629829905     
   2.35990784303064     
   2.28830482224480     
   2.40017070474325     
   2.32665357058162     
   2.35865901373360     
   2.29020454851944     
   2.40340731735624     
   2.33185969414830     
   2.35725116532283     
   2.29218919187407     
   2.40658308042194     
   2.33719052681331     
   2.35568269251731     
   2.29424658286134     
   2.40969935113076     
   2.34261958107852     
   2.35395586522756     
   2.29636581005514     
