   2.34645506529644        2.35061365263904        2.32585311048556        2.31272378565755     
   2.34596080718260        2.34896759772926        2.32940204543001        2.30918695723722     
   2.34549340743187        2.34733754907043        2.33294865749878        2.30566806841672     
   2.34505021893045        2.34573621351212        2.33648527695777        2.30217518642370     
   2.34463048186101        2.34417834669072        2.34000477907181        2.29871396323611     
   2.34423584718672        2.34267902157927        2.34350016060078        2.29529098325097     
   2.34387149996323        2.34125225271357        2.34696515448478        2.29191433066074     
   2.34354089051290        2.33991004957494        2.35039405504420        2.28859411981381     
   2.34324637998610        2.33866232298173        2.35378112117479        2.28534199314261     
   2.34298942003112        2.33751578734886        2.35711939906319        2.28216898413865     
   2.34277233422281        2.33647610134780        2.36039966068294        2.27908687225071     
   2.34259817074475        2.33554746400949        2.36361142304496        2.27610745592030     
   2.34247295051438        2.33473256528462        2.36674209581652        2.27324305445487     
   2.34240485337170        2.33403260447548        2.36977834919430        2.27050496797183     
   2.34240419076195        2.33345037765646        2.37270691155003        2.26790333178239     
   2.34248350780045        2.33299103094452        2.37551395662659        2.26544750564194     
   2.34265349963503        2.33266092013962        2.37818665245438        2.26314590895803     
   2.34292235730663        2.33246749697671        2.38071432800283        2.26100586742227     
   2.34329375973956        2.33241834885715        2.38308943348204        2.25903447642945     
   2.34376833492558        2.33251859516781        2.38530482504376        2.25723901688891     
   2.34434675252747        2.33276949873988        2.38735465272423        2.25562988064409     
   2.34503031335321        2.33316588505809        2.38923215164092        2.25422091576432     
   2.34582273905125        2.33369619544209        2.39093076486632        2.25302952689529     
   2.34672915823164        2.33434403522282        2.39244406157869        2.25207672207509     
   2.34775432085464        2.33509227058475        2.39376665341615        2.25138268821629     
   2.34889904368096        2.33592776318488        2.39489583681052        2.25096455831436     
   2.35015989669694        2.33684269540279        2.39583081530301        2.25083376398963     
   2.35152954414012        2.33783547984316        2.39657118127581        2.25099453992194     
   2.35299786917042        2.33890912669550        2.39711604257775        2.25144405573907     
   2.35455607657703        2.34006714005678        2.39746342809065        2.25217658311070     
   2.35619862689629        2.34130845566601        2.39760925076300        2.25318697121738     
   2.35792583162701        2.34262454056420        2.39754778972429        2.25447331753846     
   2.35974057784518        2.34399996597182        2.39727307921972        2.25603645666368     
   2.36164653534917        2.34541653544212        2.39677953277607        2.25787839356947     
   2.36364280517158        2.34685821129151        2.39606361086679        2.25999950739857     
   2.36572213731092        2.34831521738010        2.39512346556019        2.26239402337205     
   2.36786854790976        2.34978370473206        2.39396019469615        2.26505071194879     
   2.37006005674118        2.35126465860546        2.39257832275641        2.26795332047740     
   2.37227495201459        2.35276201440606        2.39098319425243        2.27108121296393     
   2.37449754713731        2.35427934247191        2.38917968068058        2.27441311962838     
   2.37672031138853        2.35581718593605        2.38717016186664        2.27793044438412     
   2.37894387573858        2.35737255630480        2.38495354564803        2.28161706683176     
   2.38117367588718        2.35893973405108        2.38252609093548        2.28545998339289     
   2.38341491690096        2.36051241343264        2.37988313503248        2.28944844562582     
   2.38566851727510        2.36208575971441        2.37702157095028        2.29357082820529     
   2.38792831466655        2.36365658873360        2.37394040249098        2.29781275453292     
   2.39018174220809        2.36522373938069        2.37064114653401        2.30215769580845     
   2.39241537613810        2.36678561859059        2.36712539507255        2.30658923503075     
   2.39461926612414        2.36833848374583        2.36339307739987        2.31108913203703     
   2.39678768863937        2.36987514113305        2.35944432387100        2.31564030491175     
   2.39891819759828        2.37138470234689        2.35528297576327        2.32022840045963     
   2.40101042067045        2.37285321540220        2.35091823158115        2.32484311593924     
   2.40306073564615        2.37426422571906        2.34636585547173        2.32947871575858     
   2.40506132592210        2.37560065028504        2.34164653319801        2.33413134671999     
   2.40699856645279        2.37684720645763        2.33678415382507        2.33879521112938     
   2.40885494809920        2.37799267119060        2.33180247250910        2.34346025288662     
   2.41061198071151        2.37903037945322        2.32672330466084        2.34810985422013     
   2.41225435861067        2.37995776155134        2.32156376164830        2.35272313527501     
   2.41377264477584        2.38077450529892        2.31633864989763        2.35727750196408     
   2.41516166212536        2.38148106583678        2.31106169672576        2.36175113360568     
   2.41641870759766        2.38207686717764        2.30574890965784        2.36612571582272     
   2.41754007840366        2.38255903969639        2.30041970415852        2.37038875764297     
   2.41851995774675        2.38292378868513        2.29509856395544        2.37453161895261     
   2.41935055084638        2.38316671135838        2.28981307665389        2.37854742965788     
   2.42002475464042        2.38328474447099        2.28459251897676        2.38242714176649     
   2.42053915308006        2.38327751236683        2.27946372291625        2.38615779711966     
   2.42089597923958        2.38314836954890        2.27444723219036        2.38972156935434     
   2.42110524310567        2.38290458868368        2.26955558429770        2.39309524031166     
   2.42118351461094        2.38255706053159        2.26479764589952        2.39625562422086     
   2.42115037431110        2.38211626056135        2.26018183505875        2.39918162158149     
   2.42102379828514        2.38159054107901        2.25572314980539        2.40185695745696     
   2.42081428527489        2.38098666338457        2.25144405555236        2.40426936975586     
   2.42052415679037        2.38030899581745        2.24737678055923        2.40640784472033     
   2.42014969510493        2.37956173724226        2.24355994302629        2.40825982269719     
   2.41968523945241        2.37875145509124        2.24003239256220        2.40981041377369     
   2.41912665797525        2.37788883780117        2.23682839177712        2.41104175331186     
   2.41847526639888        2.37698998245666        2.23397267272944        2.41193291743540     
   2.41773798593717        2.37607200660924        2.23148257856948        2.41246161030045     
   2.41692474162881        2.37514845300094        2.22937104040366        2.41260756727396     
   2.41604297129213        2.37422822541190        2.22765180392883        2.41235495503725     
   2.41509561031292        2.37331589100443        2.22634144560377        2.41169284627141     
   2.41408011926056        2.37241554496651        2.22545960000150        2.41061528789220     
   2.41299005942250        2.37153445542105        2.22502799418057        2.40911704865026     
   2.41181685730858        2.37068400317110        2.22506941978674        2.40719408233819     
   2.41055323016601        2.36987808898136        2.22560310086434        2.40484245236853     
   2.40919828806451        2.36913044882713        2.22663761699038        2.40206017153335     
   2.40776066056212        2.36845220962181        2.22817163963518        2.39884660879199     
   2.40625528892803        2.36785118858664        2.23019488097217        2.39520306442609     
   2.40470000142657        2.36733362301270        2.23269121318204        2.39113231353513     
   2.40311123473797        2.36690228269388        2.23564324892366        2.38663909020224     
   2.40150207044835        2.36656119864493        2.23903348685395        2.38172990815952     
   2.39988319132290        2.36631606096632        2.24284645440518        2.37641352930068     
   2.39826203064071        2.36617053067258        2.24706785336611        2.37070114049782     
   2.39664387762656        2.36612671643223        2.25168559903070        2.36460823334720     
   2.39503445276943        2.36618260848652        2.25668469464564        2.35815347109457     
   2.39344140618272        2.36633373205306        2.26204744463999        2.35136010226794     
   2.39187277517274        2.36656972377073        2.26775167727943        2.34425582449125     
   2.39033509013110        2.36687531028490        2.27377172428142        2.33687329914182     
   2.38883097683480        2.36723034784496        2.28008150927706        2.32925073842116     
   2.38735875285070        2.36761281628948        2.28665604624896        2.32142982152993     
   2.38591290030543        2.36800295419672        2.29347272506311        2.31345470943310     
   2.38448562310150        2.36838349325090        2.30051246869794        2.30537215548494     
   2.38306918720872        2.36873908119201        2.30775733604191        2.29723019312794     
   2.38165607630258        2.36905706664942        2.31518943463052        2.28907523176088     
   2.38023874433420        2.36932732842256        2.32279282029399        2.28095437740485     
   2.37881072070488        2.36954207024178        2.33055095997606        2.27291512531468     
   2.37736570050365        2.36969668436982        2.33844472363966        2.26500402511569     
   2.37589867596456        2.36978729766375        2.34645389946597        2.25726827067551     
   2.37440408991879        2.36981076512691        2.35455584233359        2.24975504136606     
   2.37287829413889        2.36976359544863        2.36272386889390        2.24251300096377     
   2.37132255651924        2.36963592348211        2.37092978369986        2.23559283046825     
   2.36974198599652        2.36941012155869        2.37914469189981        2.22904788886187     
   2.36814505568574        2.36906339225834        2.38733957396780        2.22292913361645     
   2.36654154035773        2.36857382911863        2.39548719993727        2.21728180597418     
   2.36493955361665        2.36792900700513        2.40356513655192        2.21214235312292     
   2.36334544939540        2.36712718342374        2.41154954176639        2.20753845496278     
   2.36176248194769        2.36617321883101        2.41941553879356        2.20348911646187     
   2.36019265469461        2.36507806344207        2.42713660444501        2.20000607122600     
   2.35863698188672        2.36385570724075        2.43468363890018        2.19709645895721     
   2.35709575520162        2.36251943565391        2.44203076973210        2.19476455998150     
   2.35556819258750        2.36108271179817        2.44915517836399        2.19301237540485     
   2.35405196549529        2.35955796027960        2.45603876343296        2.19183605595539     
   2.35254300244085        2.35795662216382        2.46266955483766        2.19122425642518     
   2.35103445221636        2.35629041711525        2.46903875633845        2.19115502806532     
   2.34951607881491        2.35457374587109        2.47513982486922        2.19159976505989     
   2.34797482841224        2.35282343657278        2.48096759812999        2.19252666436582     
   2.34639658360356        2.35105844176916        2.48651808096979        2.19390163458338     
   2.34476932198761        2.34929894244411        2.49178758996684        2.19569045318405     
   2.34308533691803        2.34756682075356        2.49677198702074        2.19786090191386     
   2.34134234259421        2.34588131854015        2.50146732435472        2.20038285799696     
   2.33954254741325        2.34425732968906        2.50586726004929        2.20322864051312     
   2.33769353262306        2.34270332286681        2.50996023538935        2.20636862442753     
   2.33580607046321        2.34122118143254        2.51373208709331        2.20976927381288     
   2.33388926271071        2.33980745632231        2.51717016759652        2.21339627160011     
   2.33194964744468        2.33845358887624        2.52026471891211        2.21721767262229     
   2.32999146373055        2.33714971282871        2.52300887734349        2.22120465302546     
   2.32801724714460        2.33589012288675        2.52539964492825        2.22532962558108     
   2.32602975085694        2.33467334515174        2.52743580868334        2.22956565566832     
   2.32403427122823        2.33350460149774        2.52911492386101        2.23388446426856     
   2.32204016874322        2.33239218239731        2.53043371111097        2.23825917169100     
   2.32006135814697        2.33134429887525        2.53138510215621        2.24266029367135     
   2.31811502605796        2.33036538982626        2.53195948382505        2.24705478293395     
   2.31621877391312        2.32945543131251        2.53214658007916        2.25140635680470     
   2.31438747362873        2.32860908795218        2.53193923398110        2.25568219651279     
   2.31263159817507        2.32781730425609        2.53133656562397        2.25985708838846     
   2.31095723266488        2.32707164066909        2.53034366315033        2.26391093317854     
   2.30936686297305        2.32636928694357        2.52897027509608        2.26782622961746     
   2.30786233963628        2.32571405867753        2.52722660265484        2.27158716898660     
   2.30644795929460        2.32511739917277        2.52512081181105        2.27517836205620     
   2.30513172616198        2.32459457255639        2.52265689146284        2.27858489103213     
   2.30392464791786        2.32416147979894        2.51983611197641        2.28178929546736     
   2.30283871247360        2.32382948765384        2.51665850317639        2.28477056375616     
   2.30188436951737        2.32360392965004        2.51312626390557        2.28750759351955     
   2.30106877411962        2.32348357470414        2.50924564999158        2.28998565834833     
   2.30039474482754        2.32346378506154        2.50502732842356        2.29219564354225     
   2.29986136952037        2.32353854815582        2.50048528464466        2.29413335952658     
   2.29946746930319        2.32370354128003        2.49563465252937        2.29579938366197     
   2.29921283518950        2.32395749106871        2.49048670421273        2.29719659406100     
   2.29909918291316        2.32430264824096        2.48504997823682        2.29832797793147     
   2.29913243438460        2.32474239900061        2.47932767748451        2.29919401976063     
   2.29932093148933        2.32527976481994        2.47332051080061        2.29979147893826     
   2.29967380284833        2.32591648237849        2.46702797077879        2.30011657533003     
   2.30019542747633        2.32665335331432        2.46045426354996        2.30016633805959     
   2.30088594301992        2.32749130525192        2.45360907784276        2.29994104850302     
   2.30173925945376        2.32843210864763        2.44650937094667        2.29944403812484     
   2.30274509138966        2.32947819101612        2.43917751860304        2.29868068412821     
   2.30389083972177        2.33063163919219        2.43163809188063        2.29766031465297     
   2.30516590577513        2.33189622343748        2.42391319011504        2.29639433224585     
   2.30656274896583        2.33327798180874        2.41602292430023        2.29489402031982     
   2.30807831647045        2.33478530192114        2.40798340365179        2.29316837083894     
   2.30971252568355        2.33642688570915        2.39980779456876        2.29122655321105     
   2.31146653491757        2.33821183238132        2.39150777665281        2.28907921371519     
   2.31334163678940        2.34014674612201        2.38309604235458        2.28674029779068     
   2.31533631599651        2.34223266456843        2.37458820515669        2.28422773520943     
   2.31744523651119        2.34446147968644        2.36600559375080        2.28156411022487     
   2.31966158814769        2.34681676098389        2.35737337635202        2.27877666631534     
   2.32197864949574        2.34927453076822        2.34871753094229        2.27589797339254     
   2.32439288096537        2.35180841871582        2.34006365610167        2.27296265026890     
   2.32690485511752        2.35439160053458        2.33143483733748        2.27000487033385     
   2.32951801527613        2.35699909549673        2.32285155220836        2.26705701220274     
   2.33223688628047        2.35960926615950        2.31433361016825        2.26414923917380     
   2.33506242156642        2.36220479329659        2.30590246600967        2.26131065997608     
   2.33798909013642        2.36477033156274        2.29758446991064        2.25856910278060     
   2.34100271011873        2.36729187394378        2.28941184014368        2.25595111505514     
   2.34408163894289        2.36975446203207        2.28142230383555        2.25348361497603     
   2.34719954908531        2.37214151843069        2.27365761498089        2.25119394184918     
   2.35032982273396        2.37443535101711        2.26615971639652        2.24910895394100     
   2.35344971503784        2.37661698004423        2.25897000107583        2.24725434719097     
   2.35654320546079        2.37866712358568        2.25212536637779        2.24565405416575     
   2.35959998705260        2.38056833322138        2.24565783115913        2.24433055632249     
   2.36261338901659        2.38230830196493        2.23959547603799        2.24330244353533     
   2.36557664541127        2.38388107103138        2.23396595036657        2.24258183491410     
   2.36848036582581        2.38528621125238        2.22879809986907        2.24217364387435     
   2.37131114244723        2.38652635566802        2.22412253311686        2.24207822010715     
   2.37405337453916        2.38760448109719        2.21997011595223        2.24229360123787     
   2.37669151679721        2.38852153634987        2.21636949370082        2.24281830047308     
   2.37921140576747        2.38927461328006        2.21334505475493        2.24365243525889     
   2.38160326904921        2.38985457620408        2.21091572355229        2.24479862768658     
   2.38386317988955        2.39025073887815        2.20909352354723        2.24626181271074     
   2.38599430370758        2.39045479006708        2.20788272003200        2.24804566124123     
   2.38800475235663        2.39046441941701        2.20728069901724        2.25014718522004     
   2.38990415736156        2.39028407261250        2.20728051255171        2.25255421666589     
   2.39169998351891        2.38992349140863        2.20787257462582        2.25524459638605     
   2.39339503476563        2.38939569764203        2.20904657766471        2.25819197124319     
   2.39498819234564        2.38871432509710        2.21079036353049        2.26137037647651     
   2.39647414680561        2.38788920279223        2.21309107940475        2.26475823337802     
   2.39784653059096        2.38692418390668        2.21593376638432        2.26834082096616     
   2.39910020370744        2.38581733595386        2.21930084919459        2.27211060359570     
   2.40023445973468        2.38456359865507        2.22317084561637        2.27606532842546     
   2.40125453798104        2.38315945479693        2.22751515316164        2.28020075740841     
   2.40216959954826        2.38160571977107        2.23229905687767        2.28450511142405     
   2.40298981908368        2.37990892293244        2.23748606517272        2.28895742663435     
   2.40372439141010        2.37808002073253        2.24303963459204        2.29353147895898     
   2.40437919563390        2.37613244271154        2.24892458463160        2.29820077125876     
   2.40495683161932        2.37407784483864        2.25510801575145        2.30294463082819     
   2.40545759313557        2.37192239647741        2.26155637460709        2.30774991939529     
   2.40588172224238        2.36966529597678        2.26823566202708        2.31261188931726     
   2.40623131500438        2.36730202327548        2.27511045860557        2.31753110472111     
   2.40651246610902        2.36482807450437        2.28214326638191        2.32250642657631     
   2.40673523097133        2.36224321336122        2.28929669131625        2.32752697626097     
   2.40691152226972        2.35955395849081        2.29653277188064        2.33257059355064     
   2.40705113850569        2.35677354135307        2.30381500443629        2.33760582655460     
   2.40715926500057        2.35391934568667        2.31111212344935        2.34259757817671     
   2.40723649427694        2.35100958555074        2.31839535469266        2.34751553406842     
   2.40727886376072        2.34805917454269        2.32563828987905        2.35233640887171     
   2.40727852397480        2.34507815654911        2.33281559520160        2.35704484220192     
   2.40722529662414        2.34207207566063        2.33990360764210        2.36163256275994     
   2.40710913110827        2.33904533766790        2.34687869102146        2.36609492900648     
   2.40692278427380        2.33600341232950        2.35371866851685        2.37042478316354     
   2.40666182834430        2.33295743611490        2.36040246828506        2.37460578004645     
   2.40632355817250        2.32992412217917        2.36691191198387        2.37861243117364     
   2.40590520689643        2.32692497016161        2.37323189713173        2.38241380472915     
   2.40540183665907        2.32398076218435        2.37935062785675        2.38598095752378     
   2.40480620899272        2.32110731974511        2.38525757302949        2.38929448305789     
   2.40411096597318        2.31831288306204        2.39094289776397        2.39234826616226     
   2.40330905913469        2.31559649434553        2.39639586971053        2.39514985238378     
   2.40239582668445     