   6 f/i=   22.173203 THz   139.318341 2PiTHz  739.618405 cm-1    91.701028 meV
             X         Y         Z           dx          dy          dz
      6.374072  0.389249 11.115642     0.059759    0.329278   -0.611458  
      0.548822  2.658249  6.904100            0           0           0  
      2.479968  4.586548  4.084856            0           0           0  
      2.462960  4.602468  9.612969            0           0           0  
      0.546035  2.651343  3.969898            0           0           0  
      2.462125  4.586548  1.293575            0           0           0  
      2.470597  4.598879  6.816353            0           0           0  
      4.399765  2.708563  1.307224            0           0           0  
      4.389060  2.649825  6.833154            0           0           0  
      6.319562  4.586548  4.084856            0           0           0  
      6.331004  4.622593  9.559149            0           0           0  
      4.399765  2.644052  4.038300            0           0           0  
      4.388974  2.749315  9.558539            0           0           0  
      6.337405  4.586548  1.293575            0           0           0  
      6.314507  4.597055  6.807605            0           0           0  
      0.526664  6.520842  6.940455            0           0           0  
      2.491467  0.732825  4.157884            0           0           0  
      2.087501  0.749329  9.271666            0           0           0  
      0.546035  6.521760  3.969898            0           0           0  
      2.130234  0.732825  1.609572            0           0           0  
      2.491873  0.727509  6.737049            0           0           0  
      4.399765  6.464540  1.307224            0           0           0  
      4.400926  6.527180  6.846280            0           0           0  
      6.308063  0.732825  4.157884            0           0           0  
      6.603418  0.771068  9.442684    -0.021011   -0.228598    0.679282  
      4.399765  6.529051  4.038300            0           0           0  
      4.387944  6.465757  9.543455            0           0           0  
      6.669296  0.732825  1.609572            0           0           0  
      6.314954  0.721168  6.804258            0           0           0  
      6.173834  1.347726 11.782748            0           0           0  
      0.546035  4.586548  5.449994            0           0           0  
      2.516763  2.571656  2.689353            0           0           0  
      2.511369  2.586762  8.212578            0           0           0  
      4.399765  4.586548  0.359095            0           0           0  
      4.399765  4.586548  5.449994            0           0           0  
      4.406466  4.601670 10.554146            0           0           0  
      6.282759  2.571656  2.689353            0           0           0  
      6.271484  2.632686  8.184166            0           0           0  
      0.546035  0.732825  5.449994            0           0           0  
      2.516763  6.601447  2.689353            0           0           0  
      2.503387  6.600797  8.214995            0           0           0  
      4.399765  0.732825  5.449994            0           0           0  
      6.282759  6.601447  2.689353            0           0           0  
      6.260562  6.558423  8.199108            0           0           0  
