   0.03586     0.19757    -0.36687
   0.00000     0.00000     0.00000
   0.00000     0.00000     0.00000
   0.00000     0.00000     0.00000
   0.00000     0.00000     0.00000
   0.00000     0.00000     0.00000
   0.00000     0.00000     0.00000
   0.00000     0.00000     0.00000
   0.00000     0.00000     0.00000
   0.00000     0.00000     0.00000
   0.00000     0.00000     0.00000
   0.00000     0.00000     0.00000
   0.00000     0.00000     0.00000
   0.00000     0.00000     0.00000
   0.00000     0.00000     0.00000
   0.00000     0.00000     0.00000
   0.00000     0.00000     0.00000
   0.00000     0.00000     0.00000
   0.00000     0.00000     0.00000
   0.00000     0.00000     0.00000
   0.00000     0.00000     0.00000
   0.00000     0.00000     0.00000
   0.00000     0.00000     0.00000
   0.00000     0.00000     0.00000
  -0.01261    -0.13716     0.40757
   0.00000     0.00000     0.00000
   0.00000     0.00000     0.00000
   0.00000     0.00000     0.00000
   0.00000     0.00000     0.00000
   0.00000     0.00000     0.00000
   0.00000     0.00000     0.00000
   0.00000     0.00000     0.00000
   0.00000     0.00000     0.00000
   0.00000     0.00000     0.00000
   0.00000     0.00000     0.00000
   0.00000     0.00000     0.00000
   0.00000     0.00000     0.00000
   0.00000     0.00000     0.00000
   0.00000     0.00000     0.00000
   0.00000     0.00000     0.00000
   0.00000     0.00000     0.00000
   0.00000     0.00000     0.00000
   0.00000     0.00000     0.00000
   0.00000     0.00000     0.00000
